[HEADER]
NOTES=
STARTTIME=13.10.2025 19:46.16
[POINTS]
[CUSTOM1]
25
1018
826
797
823
857
843
859
880
874
849
874
849
828
833
841
870
825
805
808
782
805
808
872
831
828
843
834
838
846
834
825
864
849
857
853
875
887
864
856
836
844
856
849
846
872
846
851
844
808
810
846
818
808
792
803
828
810
828
839
828
810
823
854
839
815
823
862
810
838
826
826
828
841
838
844
846
833
813
823
818
818
813
859
841
831
866
857
856
846
839
828
849
890
843
862
869
882
874
903
905
887
882
872
862
879
877
892
880
902
882
908
885
874
910
923
903
900
885
869
859
866
867
880
869
864
828
831
861
849
839
851
874
895
905
885
861
867
854
846
854
846
833
836
864
854
862
864
836
818
807
785
808
782
797
780
800
818
830
841
844
851
846
839
867
833
818
826
858
834
841
864
872
879
880
872
843
841
846
805
780
800
828
823
831
856
882
849
831
838
811
815
831
833
831
808
800
782
797
805
792
821
797
806
779
803
807
821
825
800
811
779
782
746
790
790
797
803
815
816
820
798
794
795
788
820
854
856
872
864
862
851
844
846
825
826
836
869
869
888
902
880
877
871
823
839
836
805
849
823
825
844
859
861
847
848
849
856
831
839
807
816
846
841
831
874
867
846
856
859
839
831
841
830
844
805
797
813
818
844
859
864
900
882
851
857
882
874
880
879
831
836
841
830
834
843
844
862
871
880
859
861
857
859
807
800
790
792
834
828
867
846
854
830
834
820
798
810
838
790
795
805
790
800
815
800
798
815
823
793
807
841
795
813
813
800
802
813
826
810
813
815
810
821
821
817
841
831
836
826
825
834
815
854
823
798
794
811
795
805
805
792
826
838
864
